Time	Writhe	Twist	Length
50	4.84056	-4.80063	684.059
51	4.83026	-4.75961	679.117
52	4.77877	-4.71184	680.865
53	4.71298	-4.66459	688.609
54	4.64872	-4.60782	699.197
55	4.60128	-4.56954	709.257
56	4.58659	-4.54265	715.555
57	4.60911	-4.5512	715.994
58	4.66162	-4.62028	709.968
59	4.73026	-4.69123	698.74
60	4.79398	-4.76407	685.483
61	4.83516	-4.80154	674.237
62	4.83429	-4.77583	667.929
63	4.78977	-4.71884	667.743
64	4.72367	-4.67569	673.602
65	4.654	-4.61841	683.303
66	4.60128	-4.56711	693.383
67	4.57751	-4.53897	700.57
68	4.59407	-4.53273	702.383
69	4.64446	-4.59645	698.219
70	4.71325	-4.67642	688.601
71	4.7798	-4.74596	676.094
72	4.82882	-4.79815	664.413
73	4.83703	-4.78906	656.955
74	4.80345	-4.72804	655.193
75	4.73744	-4.68455	659.351
76	4.6648	-4.63498	667.755
77	4.607	-4.57485	677.485
78	4.57835	-4.53763	685.268
79	4.58461	-4.52611	688.33
80	4.62957	-4.57228	685.756
81	4.69936	-4.65846	677.845
82	4.77007	-4.73709	666.361
83	4.82192	-4.79381	654.669
84	4.84031	-4.79918	646.392
85	4.81513	-4.74632	643.33
86	4.75565	-4.69534	645.824
87	4.68266	-4.64832	652.936
88	4.61965	-4.588	661.953
89	4.5828	-4.54505	669.958
90	4.5831	-4.52861	674.101
91	4.62014	-4.55557	672.933
92	4.68803	-4.6443	666.446
93	4.75958	-4.72795	656.211
94	4.81619	-4.78818	644.991
95	4.84322	-4.8087	636.055
96	4.82882	-4.76782	631.916
97	4.77566	-4.70891	633
98	4.70358	-4.66688	638.666
99	4.63563	-4.61098	646.905
100	4.59406	-4.55739	654.865
101	4.58549	-4.53534	659.797
102	4.61677	-4.55353	659.791
103	4.67883	-4.62677	654.745
104	4.75168	-4.71685	645.763
105	4.81291	-4.78135	635.231
106	4.84612	-4.81405	626.088
107	4.84072	-4.79141	621.016
108	4.79689	-4.72689	620.742
109	4.72644	-4.68245	625.101
110	4.65668	-4.63162	632.417
111	4.60894	-4.57292	640.061
112	4.59383	-4.54732	645.441
113	4.61461	-4.55311	646.583
114	4.67203	-4.61086	642.882
115	4.74455	-4.70213	635.145
116	4.80715	-4.7778	625.453
117	4.84771	-4.81791	616.31
118	4.85191	-4.81	610.349
119	4.81552	-4.75096	609.115
120	4.75132	-4.70009	612.276
121	4.68109	-4.6535	618.533
122	4.62613	-4.5951	625.769
123	4.60347	-4.56091	631.433
124	4.619	-4.55879	633.475
125	4.66784	-4.60465	630.986
126	4.73749	-4.69191	624.408
127	4.80388	-4.77278	615.628
128	4.85186	-4.81848	606.75
129	4.86267	-4.82141	600.24
130	4.83517	-4.77548	598.028
131	4.77729	-4.71875	600.093
132	4.70577	-4.67234	605.35
133	4.64796	-4.61922	612.093
134	4.61739	-4.57546	617.77
135	4.62411	-4.56784	620.521
136	4.66685	-4.6034	618.919
137	4.73419	-4.6794	613.596
138	4.80147	-4.76518	605.71
139	4.85404	-4.82178	597.17
140	4.87248	-4.83325	590.471
141	4.85404	-4.79658	587.446
142	4.80181	-4.74106	588.56
143	4.73275	-4.6965	592.833
144	4.67034	-4.64206	598.864
145	4.63305	-4.59344	604.633
146	4.63408	-4.57606	607.75
147	4.6697	-4.60382	607.107
148	4.73347	-4.67331	602.701
149	4.80266	-4.76092	595.615
150	4.85647	-4.82248	587.676
151	4.88228	-4.84625	580.889
152	4.87074	-4.81958	577.249
153	4.82445	-4.76737	577.453
154	4.75822	-4.7152	580.873
155	4.69568	-4.6671	586.392
156	4.65334	-4.61633	591.73
157	4.64812	-4.59582	595.175
158	4.67835	-4.61477	595.32
159	4.73698	-4.67276	591.794
160	4.80581	-4.76102	585.607
161	4.86188	-4.83003	578.223
162	4.89157	-4.85445	571.592
163	4.88546	-4.83551	567.516
164	4.84543	-4.78836	567.007
165	4.78561	-4.7366	569.661
166	4.72248	-4.69311	574.267
167	4.67776	-4.6412	579.391
168	4.66621	-4.61512	582.888
169	4.69012	-4.62714	583.651
170	4.74316	-4.67811	580.897
171	4.81095	-4.76218	575.543
172	4.8686	-4.83154	568.81
173	4.9014	-4.86545	562.462
174	4.90231	-4.85653	558.116
175	4.86676	-4.81328	557.003
176	4.81373	-4.76336	558.819
177	4.75212	-4.72215	562.78
178	4.70794	-4.67163	567.415
179	4.68938	-4.63819	571.002
180	4.70721	-4.6438	572.119
181	4.75602	-4.68644	570.115
182	4.81875	-4.76755	565.467
183	4.87596	-4.84471	559.435
184	4.91066	-4.87517	553.484
185	4.91716	-4.87289	549.022
186	4.89129	-4.83989	547.336
187	4.84387	-4.79478	548.592
188	4.78687	-4.75559	551.742
189	4.73713	-4.70496	555.878
190	4.71543	-4.66708	559.387
191	4.72748	-4.66526	560.839
192	4.76825	-4.69644	559.547
193	4.82653	-4.77536	555.633
194	4.88316	-4.8517	550.282
195	4.92284	-4.88898	544.667
196	4.93602	-4.89085	540.281
197	4.91698	-4.86414	538.175
198	4.87364	-4.82626	538.794
199	4.81804	-4.79258	541.5
200	4.76851	-4.73482	545.115
201	4.74227	-4.69631	548.423
202	4.74766	-4.68927	550.058
203	4.7824	-4.71011	549.252
204	4.83578	-4.78014	545.978
205	4.89314	-4.86099	541.3
206	4.93621	-4.89918	536.19
207	4.95462	-4.90928	531.837
208	4.93937	-4.89162	529.573
209	4.89954	-4.85271	529.762
210	4.84686	-4.81974	532.012
211	4.79288	-4.76322	535.181
212	4.76289	-4.71691	538.304
213	4.76365	-4.71207	540.034
214	4.79247	-4.72566	539.545
215	4.84279	-4.78164	536.948
216	4.90013	-4.86418	532.788
217	4.94404	-4.90314	528.124
218	4.96534	-4.91656	524.076
219	4.95209	-4.90763	521.844
220	4.91516	-4.86472	521.736
221	4.86301	-4.83579	523.544
222	4.81069	-4.78184	526.377
223	4.77639	-4.73471	529.119
224	4.77305	-4.72725	530.754
225	4.79911	-4.73471	530.493
226	4.84414	-4.77614	528.302
227	4.89996	-4.86207	524.602
228	4.94322	-4.90312	520.536
229	4.96662	-4.91421	516.682
230	4.95477	-4.91696	514.661
231	4.92191	-4.86737	514.471
232	4.87321	-4.83531	515.876
233	4.82136	-4.79578	518.171
234	4.78707	-4.74835	520.551
235	4.78094	-4.73901	522.039
236	4.80343	-4.74251	521.715
237	4.84215	-4.77083	519.92
238	4.89445	-4.85251	516.649
239	4.93639	-4.89749	513.067
240	4.96153	-4.90829	509.709
241	4.95476	-4.91507	507.797
242	4.92217	-4.86355	507.471
243	4.87721	-4.83037	508.575
244	4.82947	-4.79847	510.516
245	4.79423	-4.75945	512.392
246	4.78679	-4.74823	513.568
247	4.80453	-4.74913	513.256
248	4.83818	-4.76171	511.645
249	4.88603	-4.83671	508.922
250	4.92696	-4.88964	505.745
251	4.95267	-4.89849	502.996
252	4.9491	-4.91349	501.148
253	4.92007	-4.86548	500.917
254	4.8809	-4.82922	501.648
255	4.83394	-4.80489	503.196
256	4.80173	-4.76588	504.655
257	4.79259	-4.74999	505.359
258	4.80529	-4.75663	505.088
259	4.83647	-4.75895	503.66
260	4.87656	-4.8188	501.27
261	4.91589	-4.87946	498.595
262	4.94239	-4.88763	496.147
263	4.94282	-4.90186	494.626
264	4.91902	-4.8667	494.524
265	4.88057	-4.81747	495.1
266	4.83983	-4.80596	496.237
267	4.80581	-4.77049	497.308
268	4.7942	-4.75346	497.664
269	4.80577	-4.7563	497.288
270	4.82907	-4.75789	495.858
271	4.86633	-4.79968	493.887
272	4.90325	-4.86494	491.578
273	4.93274	-4.87774	489.525
274	4.9359	-4.89063	488.399
275	4.91697	-4.86207	488.285
276	4.88247	-4.81474	488.853
277	4.84322	-4.80171	489.711
278	4.81304	-4.77623	490.494
279	4.79991	-4.75623	490.552
280	4.80356	-4.75741	489.958
281	4.82265	-4.75583	488.646
282	4.85537	-4.78646	486.906
283	4.89351	-4.85118	484.871
284	4.92366	-4.86989	483.189
285	4.9327	-4.88241	482.316
286	4.91568	-4.86795	482.381
287	4.88259	-4.81961	483.095
288	4.84845	-4.79572	483.657
289	4.81875	-4.77645	484.18
290	4.80252	-4.7563	484.069
291	4.80296	-4.75441	483.24
292	4.81851	-4.75709	481.822
293	4.84612	-4.77634	480.108
294	4.88223	-4.83336	478.361
295	4.91527	-4.86307	476.937
296	4.92749	-4.87226	476.416
297	4.91584	-4.86103	476.721
298	4.88412	-4.82015	477.489
299	4.84978	-4.79094	478.039
300	4.82107	-4.77634	478.298
301	4.80263	-4.75763	477.996
302	4.79779	-4.75173	477.03
303	4.8088	-4.75174	475.405
304	4.83724	-4.76522	473.627
305	4.87334	-4.81785	472.042
306	4.90627	-4.85742	470.852
307	4.92367	-4.86799	470.682
308	4.91494	-4.85857	471.188
309	4.88349	-4.82515	472.219
310	4.85055	-4.78589	472.9
311	4.81907	-4.76837	473.014
312	4.79902	-4.75329	472.533
313	4.79234	-4.74162	471.301
314	4.80156	-4.74378	469.473
315	4.82569	-4.75934	467.652
316	4.86076	-4.7977	466.052
317	4.89943	-4.84737	465.041
318	4.9212	-4.86418	465.115
319	4.91128	-4.85284	466.015
320	4.88284	-4.82713	467.348
321	4.84778	-4.78446	468.211
322	4.81665	-4.7602	468.336
323	4.79449	-4.74521	467.659
324	4.78598	-4.73768	466.215
325	4.79342	-4.73625	464.271
326	4.81597	-4.74997	462.034
327	4.85259	-4.78817	460.41
328	4.89173	-4.83383	459.576
329	4.91506	-4.85917	459.842
330	4.90814	-4.84885	461.047
331	4.87966	-4.82409	462.732
332	4.8438	-4.78066	463.864
333	4.81322	-4.75082	464.006
334	4.78812	-4.73799	463.292
335	4.77785	-4.73226	461.597
336	4.78417	-4.73101	459.317
337	4.80867	-4.74461	456.884
338	4.84344	-4.78422	455.142
339	4.88551	-4.82694	454.328
340	4.9095	-4.85691	454.759
341	4.90554	-4.8465	456.379
342	4.87661	-4.82441	458.468
343	4.83907	-4.78161	459.935
344	4.80761	-4.74326	460.297
345	4.78362	-4.73152	459.484
346	4.76971	-4.72928	457.707
347	4.77734	-4.72576	455.099
348	4.79835	-4.73963	452.324
349	4.83671	-4.77432	450.321
350	4.87784	-4.8179	449.473
351	4.90309	-4.85066	450.085
352	4.90191	-4.84439	452.024
353	4.87181	-4.81909	454.413
354	4.83456	-4.77318	456.338
355	4.80218	-4.7358	456.883
356	4.77739	-4.72066	456.161
357	4.76456	-4.7205	454.192
358	4.76954	-4.72268	451.424
359	4.79187	-4.73289	448.355
360	4.82777	-4.77154	446.095
361	4.86853	-4.81036	445.065
362	4.89894	-4.84191	445.756
363	4.89739	-4.84547	447.824
364	4.86746	-4.81881	450.764
365	4.83019	-4.77342	452.997
366	4.79774	-4.73028	453.952
367	4.77203	-4.71843	453.392
368	4.76031	-4.71723	451.362
369	4.76362	-4.71882	448.249
370	4.78511	-4.73253	444.878
371	4.82006	-4.7646	442.303
372	4.86243	-4.8004	441.119
373	4.89189	-4.83501	441.771
374	4.89106	-4.84068	444.034
375	4.86342	-4.82058	447.133
376	4.82841	-4.76704	449.83
377	4.79316	-4.72812	451.278
378	4.7676	-4.71203	450.853
379	4.75475	-4.70725	448.884
380	4.75663	-4.71531	445.738
381	4.77756	-4.72708	441.957
382	4.8095	-4.75055	439.109
383	4.85292	-4.7923	437.544
384	4.88371	-4.82669	438.091
385	4.88583	-4.83675	440.401
386	4.85865	-4.8185	443.766
387	4.82468	-4.76845	446.908
388	4.7911	-4.72362	448.731
389	4.76279	-4.702	448.776
390	4.74914	-4.70044	446.887
391	4.75012	-4.70625	443.626
392	4.76772	-4.72107	439.719
393	4.79887	-4.7464	436.393
394	4.84152	-4.7831	434.512
395	4.87219	-4.81423	434.845
396	4.87658	-4.83338	437.111
397	4.85336	-4.81489	440.666
398	4.82003	-4.77036	444.195
399	4.78716	-4.72276	446.532
400	4.75933	-4.69957	446.965
401	4.74279	-4.69164	445.388
402	4.74209	-4.6982	442.172
403	4.75543	-4.71394	437.99
404	4.78599	-4.73642	434.313
405	4.8278	-4.76774	432.088
406	4.86126	-4.80135	431.984
407	4.86667	-4.82136	434.111
408	4.84761	-4.81444	437.762
409	4.8158	-4.76935	441.635
410	4.78207	-4.71761	444.403
411	4.75149	-4.69192	445.377
412	4.73435	-4.68572	444.134
413	4.72815	-4.68612	441.101
414	4.74204	-4.69755	436.803
415	4.77051	-4.72074	432.703
416	4.81145	-4.75548	430.076
417	4.84649	-4.78834	429.574
418	4.85855	-4.81004	431.362
419	4.84329	-4.80631	434.988
420	4.81236	-4.76585	439.247
421	4.77949	-4.71803	442.532
422	4.74593	-4.68531	444.106
423	4.72431	-4.6702	443.232
424	4.71512	-4.66655	440.444
425	4.72644	-4.68156	436.074
426	4.75239	-4.70636	431.617
427	4.79456	-4.74068	428.461
428	4.83097	-4.77421	427.455
429	4.84792	-4.80106	428.965
430	4.83767	-4.80293	432.502
431	4.80845	-4.7664	436.818
432	4.77413	-4.71696	440.713
433	4.73852	-4.67694	442.884
434	4.71153	-4.65576	442.606
435	4.70117	-4.64752	440.014
436	4.7078	-4.66227	435.699
437	4.73464	-4.69101	430.854
438	4.77599	-4.72284	427.152
439	4.81661	-4.76041	425.587
440	4.84061	-4.79094	426.604
441	4.83273	-4.79735	430.084
442	4.80696	-4.76653	434.617
443	4.7695	-4.71203	438.974
444	4.73093	-4.67269	441.758
445	4.6989	-4.64044	442.069
446	4.6834	-4.63123	439.827
447	4.68893	-4.64285	435.534
448	4.71506	-4.66823	430.479
449	4.75627	-4.70803	426.264
450	4.80104	-4.74836	424.097
451	4.82865	-4.77907	424.612
452	4.82668	-4.79137	427.816
453	4.79986	-4.75933	432.54
454	4.76278	-4.70464	437.406
455	4.72029	-4.66234	440.833
456	4.68438	-4.62563	441.734
457	4.66623	-4.6087	439.903
458	4.66881	-4.62088	435.833
459	4.69388	-4.6477	430.405
460	4.73668	-4.68651	425.753
461	4.78477	-4.73108	422.978
462	4.81697	-4.76387	422.97
463	4.81958	-4.7794	425.862
464	4.79465	-4.75329	430.667
465	4.75537	-4.7028	436.031
466	4.70994	-4.65294	440.027
467	4.66809	-4.60688	441.576
468	4.646	-4.58448	440.257
469	4.64702	-4.59658	436.348
470	4.67352	-4.62672	430.738
471	4.71884	-4.67051	425.476
472	4.76797	-4.71768	422.198
473	4.80593	-4.7493	421.541
474	4.81237	-4.76958	424.106
475	4.78982	-4.74748	428.997
476	4.75051	-4.69897	434.693
477	4.69839	-4.64292	439.305
478	4.65249	-4.59268	441.537
479	4.62496	-4.56479	440.735
480	4.62676	-4.57427	436.941
481	4.65179	-4.60058	431.124
482	4.69762	-4.64519	425.388
483	4.75463	-4.70054	421.415
484	4.79474	-4.73529	420.392
485	4.80681	-4.76465	422.533
486	4.78632	-4.74279	427.336
487	4.74391	-4.69059	433.311
488	4.68714	-4.63162	438.621
489	4.63616	-4.57551	441.428
490	4.60583	-4.54515	441.101
491	4.60396	-4.55335	437.686
492	4.6305	-4.57999	431.724
493	4.67836	-4.62555	425.583
494	4.73899	-4.68402	421.028
495	4.78415	-4.72751	419.293
496	4.80006	-4.75778	421.097
497	4.7805	-4.73282	425.831
498	4.7346	-4.68372	432.24
499	4.67282	-4.61772	438.05
500	4.61773	-4.56006	441.466
501	4.5845	-4.52289	441.771
502	4.58089	-4.52661	438.441
503	4.60933	-4.55624	432.466
504	4.65776	-4.60222	425.85
505	4.72036	-4.66653	420.766
506	4.77463	-4.71446	418.461
507	4.7932	-4.75002	419.834
508	4.77445	-4.7263	424.581
509	4.72423	-4.66976	431.256
510	4.65769	-4.60301	437.652
511	4.59777	-4.54141	441.672
512	4.56187	-4.49843	442.396
513	4.55916	-4.50174	439.417
514	4.58588	-4.53165	433.475
515	4.63725	-4.58148	426.401
516	4.70493	-4.65008	420.765
517	4.75991	-4.70618	417.849
518	4.78254	-4.73472	418.881
519	4.76696	-4.71502	423.446
520	4.71139	-4.65716	430.472
521	4.64152	-4.58701	437.277
522	4.57776	-4.51973	441.875
523	4.53819	-4.47705	443.118
524	4.53297	-4.47493	440.413
525	4.5606	-4.50389	434.413
526	4.61734	-4.55389	426.961
527	4.68663	-4.63452	420.688
528	4.74761	-4.69411	417.301
529	4.77395	-4.72458	417.877
530	4.75744	-4.70444	422.44
531	4.6994	-4.63981	429.47
532	4.62384	-4.56933	436.861
533	4.55481	-4.50125	442.081
534	4.51376	-4.45314	443.74
535	4.50816	-4.44639	441.312
536	4.53727	-4.47703	435.206
537	4.59574	-4.53148	427.505
538	4.66877	-4.60853	420.711
539	4.73485	-4.68141	416.828
540	4.76246	-4.7117	417.04
541	4.74762	-4.69461	421.445
542	4.68447	-4.62272	428.765
543	4.60428	-4.54569	436.541
544	4.53093	-4.48118	442.283
545	4.48865	-4.42844	444.297
546	4.48276	-4.4215	442.091
547	4.51293	-4.44996	436.108
548	4.57397	-4.50606	428.161
549	4.65201	-4.59286	420.789
550	4.72142	-4.66754	416.349
551	4.75201	-4.69879	416.185
552	4.73286	-4.67875	420.457
553	4.66785	-4.60638	427.906
554	4.58369	-4.52746	436.104
555	4.50491	-4.45634	442.428
556	4.46286	-4.40423	444.903
557	4.45637	-4.39319	442.922
558	4.48828	-4.42496	436.988
559	4.55225	-4.48317	428.652
560	4.63379	-4.57274	420.9
561	4.70499	-4.65381	415.975
562	4.73974	-4.68798	415.401
563	4.72139	-4.66062	419.565
564	4.65212	-4.58646	427.223
565	4.55903	-4.49766	435.848
566	4.48059	-4.4332	442.596
567	4.43467	-4.37724	445.497
568	4.43028	-4.36513	443.684
569	4.46244	-4.39801	437.767
570	4.52832	-4.45997	429.303
571	4.6135	-4.55222	421.092
572	4.68953	-4.63569	415.68
573	4.72662	-4.66965	414.825
574	4.70559	-4.64529	418.854
575	4.63218	-4.56599	426.614
576	4.5359	-4.47653	435.521
577	4.45439	-4.40553	442.838
578	4.40745	-4.3532	446.031
579	4.40197	-4.33879	444.446
580	4.43782	-4.37319	438.616
581	4.50792	-4.43828	430
582	4.59462	-4.53283	421.291
583	4.67068	-4.61775	415.624
584	4.71296	-4.65465	414.362
585	4.68859	-4.62334	418.342
586	4.60954	-4.54019	426.255
587	4.51238	-4.45379	435.387
588	4.42934	-4.38337	442.906
589	4.37996	-4.3229	446.576
590	4.37422	-4.3109	445.224
591	4.4118	-4.34827	439.368
592	4.48424	-4.41389	430.657
593	4.57486	-4.508	421.698
594	4.65326	-4.60366	415.588
595	4.69322	-4.63178	414.023
596	4.66926	-4.60126	417.805
597	4.58505	-4.51487	425.685
598	4.48371	-4.42105	435.228
599	4.39705	-4.35047	443.119
600	4.34737	-4.29346	446.963
601	4.3434	-4.278	445.911
602	4.3837	-4.31876	440.146
603	4.45876	-4.39236	431.262
604	4.55035	-4.48589	422.023
605	4.63326	-4.5785	415.534
606	4.67053	-4.61261	413.784
607	4.64186	-4.57631	417.427
608	4.55628	-4.4858	425.454
609	4.45282	-4.39376	434.932
610	4.36539	-4.31784	443.114
611	4.31737	-4.26126	447.354
612	4.31518	-4.25245	446.383
613	4.3573	-4.29524	440.625
614	4.43378	-4.36558	431.756
615	4.52651	-4.459	422.223
616	4.61173	-4.55786	415.366
617	4.65121	-4.58908	413.448
618	4.61708	-4.5498	417.092
619	4.52868	-4.45376	425.053
620	4.42206	-4.35871	434.791
621	4.33398	-4.28975	443.173
622	4.28488	-4.2316	447.482
623	4.2855	-4.22327	446.776
624	4.32958	-4.26928	441.121
625	4.40919	-4.34058	432.131
626	4.50506	-4.43948	422.5
627	4.58815	-4.53429	415.472
628	4.62529	-4.56233	413.259
629	4.58992	-4.52244	416.705
630	4.49551	-4.42337	424.815
631	4.38795	-4.32621	434.568
632	4.29954	-4.25339	443.147
633	4.25197	-4.19764	447.803
634	4.25362	-4.19686	447.114
635	4.30193	-4.24479	441.493
636	4.38231	-4.31637	432.475
637	4.47827	-4.41106	422.717
638	4.56375	-4.50881	415.54
639	4.59695	-4.52998	413.134
640	4.55975	-4.49301	416.486
641	4.46295	-4.39213	424.603
642	4.35534	-4.29437	434.48
643	4.26656	-4.21784	443.216
644	4.22251	-4.16755	447.858
645	4.2248	-4.16975	447.323
646	4.2767	-4.22426	441.798
647	4.3569	-4.28929	432.789
648	4.45582	-4.38828	423.015
649	4.54269	-4.48758	415.725
650	4.57382	-4.50116	413.107
651	4.52905	-4.46494	416.515
652	4.43139	-4.36101	424.605
653	4.32325	-4.26097	434.465
654	4.23317	-4.18413	443.215
655	4.19185	-4.13699	448.065
656	4.19806	-4.14478	447.588
657	4.24927	-4.20264	442.086
658	4.33374	-4.26294	433.08
659	4.43529	-4.36799	423.263
660	4.51811	-4.45931	415.808
661	4.54688	-4.47398	413.256
662	4.49586	-4.43908	416.604
663	4.39942	-4.33183	424.616
664	4.28932	-4.22541	434.425
665	4.20562	-4.15602	443.126
666	4.1627	-4.10574	448.077
667	4.17423	-4.12448	447.495
668	4.22821	-4.18062	442.101
669	4.31115	-4.24376	433.021
670	4.41563	-4.34576	423.279
671	4.49719	-4.43676	415.913
672	4.52258	-4.4481	413.217
673	4.46998	-4.41328	416.442
674	4.36919	-4.3008	424.472
675	4.26012	-4.19411	434.293
676	4.17635	-4.12557	442.837
677	4.13746	-4.08316	447.701
678	4.15139	-4.10922	447.235
679	4.20546	-4.1692	441.767
680	4.29069	-4.22233	432.771
681	4.39863	-4.32608	423.094
682	4.4783	-4.4128	415.789
683	4.49912	-4.42588	412.99
684	4.4419	-4.39019	416.365
685	4.34248	-4.27396	424.216
686	4.23457	-4.16948	433.802
687	4.15084	-4.09963	442.237
688	4.11698	-4.0622	446.991
689	4.1326	-4.08951	446.579
690	4.18847	-4.15505	441.2
691	4.27928	-4.20794	432.217
692	4.38602	-4.31293	422.646
693	4.46333	-4.39671	415.432
694	4.48179	-4.4116	412.678
695	4.42083	-4.36834	415.76
696	4.32247	-4.25546	423.593
697	4.21439	-4.14242	433.142
698	4.13204	-4.0791	441.399
699	4.09826	-4.04924	446.124
700	4.11753	-4.08372	445.762
701	4.1771	-4.14132	440.345
702	4.26921	-4.19963	431.585
703	4.37619	-4.30153	422.137
704	4.45603	-4.38712	415.005
705	4.46716	-4.40072	412.268
706	4.40341	-4.35236	415.458
707	4.30615	-4.23704	422.942
708	4.19781	-4.12563	432.252
709	4.11368	-4.06306	440.403
710	4.08493	-4.03871	445.026
711	4.10616	-4.07689	444.589
712	4.16576	-4.13825	439.253
713	4.26233	-4.19014	430.631
714	4.3714	-4.29574	421.401
715	4.44934	-4.37882	414.384
716	4.45873	-4.39315	411.593
717	4.39632	-4.34349	414.688
718	4.29307	-4.22833	422.103
719	4.18579	-4.11674	430.965
720	4.10608	-4.04901	439.014
721	4.07634	-4.03645	443.48
722	4.09889	-4.07599	443.103
723	4.1625	-4.13193	437.742
724	4.25976	-4.18774	429.194
725	4.37142	-4.29125	420.366
726	4.44642	-4.3759	413.578
727	4.45245	-4.38869	410.82
728	4.3867	-4.33818	413.704
729	4.28726	-4.22319	420.922
730	4.17898	-4.10568	429.655
731	4.10229	-4.04371	437.27
732	4.07222	-4.03438	441.58
733	4.09797	-4.07685	441.206
734	4.16144	-4.13501	435.847
735	4.26443	-4.19732	427.539
736	4.37666	-4.29261	418.898
737	4.45052	-4.37614	412.306
738	4.45132	-4.392	409.822
739	4.3861	-4.33189	412.541
740	4.28478	-4.22039	419.619
741	4.17672	-4.10161	427.918
742	4.10003	-4.03827	435.251
743	4.07219	-4.03986	439.464
744	4.09835	-4.08168	438.953
745	4.16421	-4.13393	433.877
746	4.27033	-4.20157	425.726
747	4.38332	-4.29952	417.288
748	4.45669	-4.37654	411.019
749	4.45478	-4.39663	408.69
750	4.38967	-4.33357	411.49
751	4.28587	-4.22632	418.225
752	4.17985	-4.10535	426.215
753	4.10201	-4.03889	433.316
754	4.07372	-4.04282	437.227
755	4.10126	-4.08617	436.649
756	4.1708	-4.14175	431.566
757	4.28015	-4.21454	423.695
758	4.39568	-4.30813	415.565
759	4.46459	-4.38353	409.54
760	4.46059	-4.40286	407.648
761	4.38985	-4.3359	410.368
762	4.28844	-4.22543	416.891
763	4.18017	-4.10436	424.663
764	4.1031	-4.03862	431.402
765	4.07731	-4.05406	434.953
766	4.10685	-4.09543	434.213
767	4.17917	-4.14648	429.19
768	4.28929	-4.22748	421.594
769	4.4032	-4.31887	413.951
770	4.47305	-4.39047	408.402
771	4.46443	-4.41107	406.726
772	4.39576	-4.33368	409.429
773	4.28926	-4.23156	415.792
774	4.18243	-4.1052	423.159
775	4.10804	-4.04067	429.602
776	4.08484	-4.05644	432.896
777	4.11071	-4.1005	432.035
778	4.19092	-4.15824	426.979
779	4.30436	-4.24072	419.726
780	4.41656	-4.33127	412.377
781	4.48029	-4.39748	407.251
782	4.4659	-4.41026	406.05
783	4.39622	-4.33443	408.722
784	4.29144	-4.23318	414.821
785	4.18372	-4.11192	421.855
786	4.10819	-4.04054	428.006
787	4.08768	-4.06644	430.811
788	4.11886	-4.10613	429.814
789	4.20032	-4.16406	424.742
790	4.31509	-4.25847	417.872
791	4.42146	-4.34277	411.09
792	4.48386	-4.40938	406.429
793	4.46817	-4.41317	405.594
794	4.39386	-4.33083	408.422
795	4.28899	-4.2319	414.14
796	4.1858	-4.11528	420.789
797	4.11207	-4.04598	426.554
798	4.09408	-4.07468	428.948
799	4.12656	-4.11271	427.562
800	4.21156	-4.17233	422.786
801	4.325	-4.27379	416.339
802	4.42886	-4.35022	410.074
803	4.48295	-4.41308	405.916
804	4.46727	-4.41585	405.493
805	4.3947	-4.3283	408.228
806	4.28744	-4.22655	413.538
807	4.1844	-4.11697	419.854
808	4.11634	-4.05643	425.131
809	4.09763	-4.08165	427.166
810	4.13328	-4.11461	425.714
811	4.22004	-4.17278	421.139
812	4.33245	-4.27745	415.03
813	4.43203	-4.36112	409.181
814	4.48356	-4.42272	405.482
815	4.4614	-4.41272	405.374
816	4.38886	-4.32131	408.082
817	4.2863	-4.21891	413.077
818	4.18523	-4.12025	419.027
819	4.11802	-4.06603	423.822
820	4.10396	-4.08861	425.361
821	4.14057	-4.12088	423.709
822	4.22857	-4.17591	419.297
823	4.33728	-4.28267	413.777
824	4.43411	-4.36669	408.489
825	4.47965	-4.42445	405.224
826	4.45556	-4.40673	405.423
827	4.38267	-4.31546	408.186
828	4.28282	-4.21583	412.799
829	4.18373	-4.12053	418.301
830	4.1203	-4.07594	422.414
831	4.10643	-4.09885	423.692
832	4.14458	-4.12108	421.908
833	4.2318	-4.17704	417.879
834	4.33551	-4.28568	412.794
835	4.42921	-4.3727	407.897
836	4.47297	-4.42431	405.066
837	4.44952	-4.40308	405.356
838	4.37581	-4.30736	408.145
839	4.27801	-4.20903	412.375
840	4.18321	-4.12309	417.436
841	4.12179	-4.08569	421.039
842	4.10714	-4.10716	422.012
843	4.14651	-4.12199	420.03
844	4.23202	-4.17442	416.28
845	4.33447	-4.28074	411.62
846	4.42546	-4.37124	407.168
847	4.46317	-4.42079	404.773
848	4.4392	-4.39669	405.224
849	4.3684	-4.30106	407.945
850	4.27308	-4.20358	411.895
851	4.18181	-4.12634	416.386
852	4.12422	-4.09613	419.623
853	4.11093	-4.10594	420.22
854	4.14952	-4.12425	418.245
855	4.23293	-4.1717	414.677
856	4.33063	-4.27679	410.288
857	4.41789	-4.3678	406.362
858	4.45419	-4.41799	404.409
859	4.43047	-4.38607	404.853
860	4.36036	-4.29361	407.451
861	4.27129	-4.1958	411.107
862	4.1815	-4.12678	415.184
863	4.12589	-4.10348	417.83
864	4.10946	-4.11213	418.162
865	4.14809	-4.12122	416.162
866	4.22947	-4.16735	412.809
867	4.32354	-4.26908	408.813
868	4.40653	-4.36296	405.34
869	4.44228	-4.41699	403.529
870	4.41976	-4.37401	404.268
871	4.3541	-4.28646	406.7
872	4.26542	-4.19063	409.974
873	4.18188	-4.12802	413.683
874	4.1259	-4.10568	415.958
875	4.11014	-4.1105	416.027
876	4.14471	-4.11269	414.094
877	4.22181	-4.15838	410.966
878	4.3136	-4.24989	407.363
879	4.39637	-4.35496	404.111
880	4.43093	-4.40188	402.711
881	4.41212	-4.36584	403.409
882	4.34653	-4.28258	405.598
883	4.25992	-4.18321	408.759
884	4.17926	-4.12694	411.922
885	4.12033	-4.10505	413.87
886	4.10319	-4.10132	413.804
887	4.13737	-4.10574	411.973
888	4.21132	-4.1438	409.069
889	4.30283	-4.23745	405.745
890	4.38421	-4.34791	402.683
891	4.41824	-4.39068	401.448
892	4.40059	-4.35552	402.125
893	4.33846	-4.27553	404.128
894	4.2535	-4.17845	407.124
895	4.17514	-4.12291	410.004
896	4.11774	-4.1002	411.569
897	4.0983	-4.09483	411.426
898	4.12607	-4.09603	409.541
899	4.19926	-4.13256	406.796
900	4.28876	-4.21934	403.637
901	4.37315	-4.32932	400.919
902	4.41034	-4.38266	399.887
903	4.39132	-4.34829	400.523
904	4.33135	-4.27032	402.365
905	4.24934	-4.17923	405.1
906	4.16972	-4.12044	407.677
907	4.11194	-4.09526	408.919
908	4.09109	-4.08359	408.733
909	4.1168	-4.08149	406.936
910	4.18786	-4.12191	404.198
911	4.27751	-4.2091	401.279
912	4.36141	-4.32486	398.852
913	4.40133	-4.37001	397.901
914	4.38762	-4.34455	398.469
915	4.32604	-4.26571	400.394
916	4.24436	-4.17838	402.945
917	4.16615	-4.11425	405.123
918	4.10677	-4.08575	406.286
919	4.07915	-4.07065	405.978
920	4.10519	-4.06753	404.203
921	4.17463	-4.11251	401.632
922	4.26761	-4.19282	398.856
923	4.35379	-4.31265	396.689
924	4.39605	-4.36461	395.85
925	4.38086	-4.33725	396.457
926	4.3204	-4.26502	398.321
927	4.24226	-4.17987	400.759
928	4.16135	-4.11125	402.739
929	4.10018	-4.07535	403.69
930	4.07193	-4.05798	403.247
931	4.09551	-4.05613	401.505
932	4.16266	-4.10242	399.004
933	4.25878	-4.18744	396.369
934	4.34894	-4.30006	394.347
935	4.39073	-4.35599	393.789
936	4.37367	-4.32564	394.508
937	4.31664	-4.26104	396.268
938	4.23552	-4.17737	398.731
939	4.15622	-4.10559	400.429
940	4.09353	-4.06876	401.203
941	4.06105	-4.04204	400.657
942	4.08315	-4.04687	398.79
943	4.15342	-4.09394	396.36
944	4.25216	-4.17424	393.841
945	4.34273	-4.29926	392.133
946	4.38305	-4.34489	391.633
947	4.37021	-4.32198	392.356
948	4.31067	-4.25596	394.335
949	4.22982	-4.17357	396.596
950	4.14977	-4.09862	398.332
951	4.08442	-4.05459	398.672
952	4.0529	-4.02845	397.897
953	4.07912	-4.03578	396.129
954	4.14738	-4.09075	393.623
955	4.24791	-4.17475	391.233
956	4.33811	-4.2918	389.75
957	4.38315	-4.34036	389.483
958	4.36597	-4.31685	390.409
959	4.30744	-4.25066	392.522
960	4.22799	-4.16949	394.827
961	4.14393	-4.08969	396.071
962	4.07942	-4.04401	396.301
963	4.04734	-4.01708	395.43
964	4.07296	-4.02506	393.353
965	4.14575	-4.08514	390.962
966	4.25014	-4.17996	388.664
967	4.33844	-4.28844	387.462
968	4.37957	-4.33056	387.575
969	4.36117	-4.30587	388.817
970	4.30352	-4.24689	390.754
971	4.22232	-4.16674	393.015
972	4.13904	-4.08809	394.157
973	4.07455	-4.03202	394.035
974	4.04638	-4.00512	392.878
975	4.07062	-4.02565	390.763
976	4.14843	-4.09072	388.347
977	4.25129	-4.17999	386.224
978	4.34146	-4.2881	385.281
979	4.37956	-4.32778	385.64
980	4.35839	-4.30007	387.046
981	4.29905	-4.23946	389.32
982	4.2168	-4.15948	391.552
983	4.13709	-4.08488	392.322
984	4.07108	-4.02807	391.992
985	4.04279	-3.99865	390.505
986	4.07063	-4.02599	388.312
987	4.1468	-4.08811	385.872
988	4.2522	-4.18478	383.915
989	4.34083	-4.28449	383.359
990	4.37687	-4.31795	383.993
991	4.35485	-4.29466	385.67
992	4.29251	-4.23505	388.085
993	4.21158	-4.15295	390.141
994	4.13089	-4.07323	390.776
995	4.06611	-4.01765	390.055
996	4.04093	-3.98829	388.505
997	4.07193	-4.01858	385.923
998	4.14991	-4.09436	383.427
999	4.25703	-4.18504	381.74
1000	4.34128	-4.28419	381.551
1001	4.37128	-4.30473	382.557
1002	4.3459	-4.27923	384.585
1003	4.28267	-4.22425	387.007
1004	4.20173	-4.1424	388.98
1005	4.12292	-4.06541	389.196
1006	4.06051	-4.00666	388.357
1007	4.03803	-3.98035	386.4
1008	4.07223	-4.02006	383.967
1009	4.15302	-4.09457	381.338
1010	4.25928	-4.19065	379.705
1011	4.3428	-4.28046	379.813
1012	4.36762	-4.29932	381.194
1013	4.33876	-4.26912	383.445
1014	4.2728	-4.21552	386.064
1015	4.19408	-4.13357	388.04
1016	4.11681	-4.06426	388.156
1017	4.05948	-4.00255	386.885
1018	4.0387	-3.97847	384.566
1019	4.07336	-4.02385	382.043
1020	4.15673	-4.09717	379.457
1021	4.26352	-4.19282	378.142
1022	4.3407	-4.27555	378.556
1023	4.36265	-4.28606	380.32
1024	4.32947	-4.26094	382.727
1025	4.26412	-4.20572	385.445
1026	4.18676	-4.12718	387.265
1027	4.11167	-4.05501	387.224
1028	4.05647	-3.99516	385.61
1029	4.03818	-3.97475	383.13
1030	4.0759	-4.01983	380.473
1031	4.15919	-4.09862	377.97
1032	4.26389	-4.19271	376.815
1033	4.33771	-4.26697	377.577
1034	4.35472	-4.27317	379.631
1035	4.31903	-4.2523	382.338
1036	4.25176	-4.1957	385.157
1037	4.17517	-4.11511	386.856
1038	4.10457	-4.04659	386.496
1039	4.05032	-3.98815	384.686
1040	4.03648	-3.96685	382.007
1041	4.07647	-4.02436	379.208
1042	4.16191	-4.09714	376.699
1043	4.26472	-4.19469	375.877
1044	4.3338	-4.25974	377.132
1045	4.34578	-4.26012	379.449
1046	4.3082	-4.23297	382.37
1047	4.24059	-4.18223	385.256
1048	4.16725	-4.11091	386.72
1049	4.09694	-4.0358	386.167
1050	4.0462	-3.98112	384.163
1051	4.03847	-3.9665	381.264
1052	4.0791	-4.02695	378.374
1053	4.16431	-4.10202	375.976
1054	4.266	-4.19515	375.249
1055	4.32959	-4.25531	376.769
1056	4.33751	-4.251	379.512
1057	4.29554	-4.22596	382.688
1058	4.22967	-4.17582	385.455
1059	4.15853	-4.10207	386.897
1060	4.09223	-4.03348	386.122
1061	4.04634	-3.97929	383.723
1062	4.03986	-3.97195	380.579
1063	4.08411	-4.03059	377.65
1064	4.17021	-4.10974	375.393
1065	4.26463	-4.19376	374.951
1066	4.3256	-4.24837	376.751
1067	4.32697	-4.23699	379.719
1068	4.28301	-4.21361	383.118
1069	4.21815	-4.16359	385.932
1070	4.1485	-4.09221	387.147
1071	4.0872	-4.02746	386.191
1072	4.04616	-3.9774	383.492
1073	4.04189	-3.97132	380.264
1074	4.08754	-4.03509	377.122
1075	4.17208	-4.11304	375.038
1076	4.26366	-4.19466	374.857
1077	4.31951	-4.23773	376.923
1078	4.31844	-4.22772	380.199
1079	4.27351	-4.20345	383.657
1080	4.20824	-4.15441	386.558
1081	4.14239	-4.0822	387.623
1082	4.08401	-4.01973	386.359
1083	4.04522	-3.96921	383.513
1084	4.04234	-3.97197	380.067
1085	4.09163	-4.03888	376.94
1086	4.17455	-4.11523	374.814
1087	4.26343	-4.19071	374.891
1088	4.31275	-4.23039	377.268
1089	4.30854	-4.2154	380.723
1090	4.26358	-4.19157	384.313
1091	4.19875	-4.14849	387.037
1092	4.1345	-4.0818	388.015
1093	4.07842	-4.01576	386.563
1094	4.04098	-3.96718	383.51
1095	4.04467	-3.97012	379.935
1096	4.0909	-4.04072	376.782
1097	4.17538	-4.11548	374.75
1098	4.26326	-4.1898	374.927
1099	4.30467	-4.22105	377.54
1100	4.29894	-4.20671	381.182
1101	4.25123	-4.17959	384.849
1102	4.18505	-4.13527	387.748
1103	4.12682	-4.06953	388.48
1104	4.07381	-4.00799	386.736
1105	4.03841	-3.96139	383.554
1106	4.04388	-3.9695	379.788
1107	4.09185	-4.04346	376.579
1108	4.17664	-4.11718	374.595
1109	4.25901	-4.18275	375.059
1110	4.29758	-4.20715	377.902
1111	4.28937	-4.19427	381.809
1112	4.23927	-4.17166	385.576
1113	4.17589	-4.13133	388.312
1114	4.11711	-4.06226	389.008
1115	4.06843	-4.00479	387.176
1116	4.03692	-3.95961	383.731
1117	4.04277	-3.97227	379.934
1118	4.09444	-4.04322	376.622
1119	4.17694	-4.11559	374.78
1120	4.25707	-4.18113	375.335
1121	4.2942	-4.19887	378.358
1122	4.27799	-4.18482	382.4
1123	4.22697	-4.1612	386.412
1124	4.16539	-4.11103	389.174
1125	4.10934	-4.05174	389.61
1126	4.06365	-3.99678	387.618
1127	4.03494	-3.95646	384.005
1128	4.04595	-3.97112	380.027
1129	4.09512	-4.04396	376.77
1130	4.18029	-4.12105	374.792
1131	4.25474	-4.17712	375.606
1132	4.28678	-4.19069	378.964
1133	4.2667	-4.17327	383.266
1134	4.21548	-4.14935	387.265
1135	4.15453	-4.10384	390.083
1136	4.10073	-4.04747	390.305
1137	4.05758	-3.99486	388.148
1138	4.0354	-3.95407	384.332
1139	4.04599	-3.97281	380.202
1140	4.09817	-4.04746	376.892
1141	4.17977	-4.12016	375.024
1142	4.25152	-4.17002	376.04
1143	4.27699	-4.18304	379.596
1144	4.2573	-4.16394	383.896
1145	4.20282	-4.13688	388.061
1146	4.14576	-4.09869	390.72
1147	4.09612	-4.04099	390.891
1148	4.05503	-3.98694	388.612
1149	4.0338	-3.95592	384.689
1150	4.04857	-3.97309	380.417
1151	4.10114	-4.05137	376.944
1152	4.18156	-4.12376	375.316
1153	4.24854	-4.17143	376.369
1154	4.27069	-4.17373	380.144
1155	4.2484	-4.16033	384.572
1156	4.19274	-4.12843	388.852
1157	4.13753	-4.09326	391.431
1158	4.08945	-4.03743	391.388
1159	4.05408	-3.98232	388.886
1160	4.0347	-3.95247	384.926
1161	4.05016	-3.97597	380.533
1162	4.10215	-4.05157	377.118
1163	4.18223	-4.12428	375.488
1164	4.2445	-4.16498	376.783
1165	4.26465	-4.16761	380.584
1166	4.23838	-4.15043	385.211
1167	4.18331	-4.11729	389.598
1168	4.12759	-4.08129	392.081
1169	4.08343	-4.03217	391.987
1170	4.04937	-3.97907	389.458
1171	4.03414	-3.94828	385.175
1172	4.05164	-3.98088	380.766
1173	4.1072	-4.05287	377.348
1174	4.18495	-4.12329	375.769
1175	4.24167	-4.15746	377.275
1176	4.25855	-4.15773	381.07
1177	4.22841	-4.13987	385.996
1178	4.17431	-4.11334	390.268
1179	4.11991	-4.07725	392.725
1180	4.07849	-4.02707	392.603
1181	4.04936	-3.97568	389.769
1182	4.03617	-3.95192	385.559
1183	4.0559	-3.98531	380.979
1184	4.10831	-4.06057	377.54
1185	4.18425	-4.12443	376.118
1186	4.23862	-4.15399	377.589
1187	4.24846	-4.15015	381.731
1188	4.2164	-4.13344	386.703
1189	4.16759	-4.10676	390.99
1190	4.11408	-4.072	393.313
1191	4.07739	-4.02564	392.86
1192	4.04819	-3.97803	390.036
1193	4.03878	-3.95735	385.649
1194	4.0585	-3.98637	381.104
1195	4.11559	-4.06128	377.695
1196	4.18423	-4.12323	376.314
1197	4.23391	-4.15073	378.02
1198	4.24139	-4.14409	382.19
1199	4.21002	-4.12542	387.217
1200	4.16015	-4.10113	391.434
1201	4.11257	-4.06838	393.67
1202	4.07469	-4.02144	393.256
1203	4.04981	-3.98041	390.258
1204	4.04351	-3.96176	385.925
1205	4.06404	-3.99529	381.189
1206	4.118	-4.06875	377.747
1207	4.18417	-4.12924	376.528
1208	4.23044	-4.14776	378.285
1209	4.23643	-4.13948	382.545
1210	4.20402	-4.11866	387.679
1211	4.15403	-4.10019	391.789
1212	4.10759	-4.06773	393.92
1213	4.07398	-4.02169	393.384
1214	4.05189	-3.98247	390.441
1215	4.04662	-3.96357	385.844
1216	4.0691	-3.99938	381.045
1217	4.12157	-4.07298	377.88
1218	4.18481	-4.13036	376.712
1219	4.22948	-4.14627	378.616
1220	4.23011	-4.13348	382.922
1221	4.19848	-4.11251	387.957
1222	4.14999	-4.09492	392.092
1223	4.1089	-4.06607	394.146
1224	4.07634	-4.02356	393.528
1225	4.0577	-3.98397	390.368
1226	4.05171	-3.97027	385.817
1227	4.07774	-4.00369	381.09
1228	4.12728	-4.0742	377.819
1229	4.18794	-4.13132	376.804
1230	4.22513	-4.14057	378.837
1231	4.22395	-4.13385	383.218
1232	4.19475	-4.11511	388.244
1233	4.14867	-4.09599	392.357
1234	4.10698	-4.06719	394.26
1235	4.07895	-4.02454	393.558
1236	4.06164	-3.9927	390.456
1237	4.06062	-3.9771	385.806
1238	4.08436	-4.0122	381.054
1239	4.13079	-4.07959	377.904
1240	4.19018	-4.13402	377.035
1241	4.22581	-4.13901	379.085
1242	4.22323	-4.13034	383.453
1243	4.19308	-4.11602	388.466
1244	4.1488	-4.09541	392.534
1245	4.11014	-4.06599	394.339
1246	4.08367	-4.02649	393.515
1247	4.0685	-3.9991	390.37
1248	4.06754	-3.98203	385.778
1249	4.09033	-4.02351	381.063
1250	4.13866	-4.09259	377.983
1251	4.1939	-4.13376	377.186
1252	4.2258	-4.14182	379.34
1253	4.21978	-4.12894	383.804
1254	4.19062	-4.11175	388.732
1255	4.1495	-4.10108	392.639
1256	4.11358	-4.07036	394.255
1257	4.08854	-4.03099	393.431
1258	4.07796	-4.00496	390.166
1259	4.07874	-3.9979	385.426
1260	4.10043	-4.02984	380.955
1261	4.14688	-4.10078	377.963
1262	4.19643	-4.13985	377.38
1263	4.22286	-4.1383	379.544
1264	4.21984	-4.12873	383.948
1265	4.19146	-4.11266	388.791
1266	4.15229	-4.10587	392.581
1267	4.11838	-4.07686	394.178
1268	4.09834	-4.04085	393.185
1269	4.0864	-4.01662	389.995
1270	4.0873	-4.0092	385.32
1271	4.1118	-4.04117	380.834
1272	4.15214	-4.1015	378.079
1273	4.19982	-4.14435	377.498
1274	4.22539	-4.14283	379.716
1275	4.21994	-4.12928	384.037
1276	4.19021	-4.11439	388.838
1277	4.15461	-4.11297	392.52
1278	4.12547	-4.08625	393.872
1279	4.10563	-4.04807	392.859
1280	4.09814	-4.02628	389.688
1281	4.10018	-4.02552	385.044
1282	4.12071	-4.05142	380.687
1283	4.1605	-4.10901	377.934
1284	4.20692	-4.14854	377.499
1285	4.22639	-4.14292	379.795
1286	4.22093	-4.1315	383.962
1287	4.19359	-4.12224	388.714
1288	4.1625	-4.11909	392.252
1289	4.13624	-4.09578	393.471
1290	4.11844	-4.05688	392.522
1291	4.11208	-4.04145	389.227
1292	4.1125	-4.03665	384.705
1293	4.13221	-4.06201	380.526
1294	4.16807	-4.12003	377.851
1295	4.20928	-4.151	377.424
1296	4.23271	-4.1465	379.836
1297	4.22584	-4.13967	383.955
1298	4.19957	-4.1298	388.465
1299	4.17045	-4.12765	391.938
1300	4.14886	-4.1049	392.956
1301	4.13327	-4.07349	391.875
1302	4.12712	-4.06216	388.672
1303	4.12884	-4.05802	384.221
1304	4.1466	-4.07582	380.183
1305	4.18038	-4.1272	377.744
1306	4.21548	-4.15811	377.508
1307	4.23702	-4.15379	379.742
1308	4.23082	-4.14778	383.758
1309	4.2088	-4.13956	388.171
1310	4.18175	-4.13993	391.37
1311	4.16258	-4.11352	392.537
1312	4.14991	-4.08731	391.282
1313	4.14175	-4.07716	388.274
1314	4.14298	-4.07417	383.873
1315	4.15955	-4.08391	379.986
1316	4.19188	-4.13601	377.647
1317	4.22357	-4.16282	377.343
1318	4.24479	-4.16407	379.623
1319	4.23733	-4.15852	383.603
1320	4.21855	-4.15162	387.72
1321	4.19434	-4.1555	390.907
1322	4.17895	-4.12871	391.864
1323	4.16721	-4.09996	390.632
1324	4.16242	-4.09484	387.504
1325	4.16046	-4.09233	383.375
1326	4.17298	-4.09812	379.548
1327	4.20307	-4.14752	377.315
1328	4.23252	-4.16865	377.345
1329	4.25145	-4.17116	379.394
1330	4.24666	-4.16894	383.25
1331	4.22964	-4.16512	387.117
1332	4.21122	-4.17137	390.147
1333	4.19723	-4.14794	391.059
1334	4.1865	-4.11907	389.812
1335	4.18146	-4.11714	386.744
1336	4.17929	-4.11431	382.849
1337	4.19087	-4.11587	378.997
1338	4.21491	-4.15616	377.024
1339	4.24379	-4.18233	376.989
1340	4.25984	-4.17955	378.963
1341	4.25578	-4.17956	382.733
1342	4.24185	-4.17796	386.623
1343	4.22597	-4.1853	389.31
1344	4.21695	-4.16499	390.104
1345	4.20951	-4.14068	388.847
1346	4.20275	-4.13679	385.866
1347	4.20079	-4.13744	382.046
1348	4.20887	-4.13363	378.569
1349	4.22883	-4.17032	376.594
1350	4.25291	-4.19128	376.715
1351	4.27036	-4.19401	378.716
1352	4.26745	-4.19189	382.171
1353	4.25654	-4.19302	385.864
1354	4.24623	-4.20845	388.407
1355	4.23949	-4.1858	389.031
1356	4.23582	-4.16776	387.724
1357	4.23068	-4.16521	384.981
1358	4.22313	-4.1568	381.294
1359	4.22721	-4.14875	378.095
1360	4.24439	-4.18416	376.283
1361	4.26756	-4.20326	376.471
1362	4.28309	-4.20516	378.277
1363	4.28294	-4.20715	381.58
1364	4.27519	-4.21524	384.951
1365	4.27055	-4.22944	387.269
1366	4.26713	-4.20951	387.805
1367	4.26396	-4.19261	386.643
1368	4.25808	-4.19727	383.924
1369	4.24833	-4.1808	380.446
1370	4.25113	-4.17215	377.546
1371	4.26386	-4.19669	375.876
1372	4.28537	-4.21339	375.966
1373	4.29852	-4.21506	377.83
1374	4.30023	-4.22165	380.971
1375	4.2973	-4.2361	383.918
1376	4.29543	-4.24937	386.035
1377	4.29774	-4.23566	386.536
1378	4.29528	-4.22452	385.29
1379	4.28733	-4.22359	382.831
1380	4.27467	-4.21618	379.528
1381	4.27156	-4.19552	376.904
1382	4.28044	-4.21033	375.342
1383	4.29819	-4.22695	375.484
1384	4.31289	-4.23157	377.206
1385	4.31795	-4.24228	380.035
1386	4.32047	-4.26091	382.816
1387	4.32674	-4.28334	384.68
1388	4.32976	-4.26121	385.041
1389	4.32927	-4.25434	383.997
1390	4.32117	-4.25661	381.608
1391	4.30492	-4.23788	378.731
1392	4.29618	-4.21782	376.214
1393	4.30171	-4.22782	374.955
1394	4.3176	-4.23995	374.968
1395	4.33132	-4.2493	376.538
1396	4.33767	-4.26627	379.2
1397	4.34615	-4.28745	381.556
1398	4.3559	-4.31239	383.263
1399	4.36488	-4.29414	383.543
1400	4.3651	-4.28619	382.479
1401	4.35497	-4.28428	380.389
1402	4.33591	-4.2748	377.728
1403	4.32303	-4.24332	375.472
1404	4.32408	-4.24394	374.386
1405	4.33497	-4.25848	374.539
1406	4.34944	-4.25978	375.797
1407	4.35858	-4.28291	378.169
1408	4.3715	-4.31482	380.408
1409	4.38852	-4.33823	381.762
1410	4.4038	-4.33039	381.964
1411	4.40568	-4.3295	380.96
1412	4.39026	-4.31638	379.172
1413	4.36759	-4.30368	376.773
1414	4.35031	-4.27726	375
1415	4.34692	-4.26418	373.95
1416	4.35628	-4.27401	374.046
1417	4.36892	-4.27713	375.324
1418	4.38168	-4.30902	377.244
1419	4.40334	-4.34949	378.995
1420	4.4241	-4.3723	380.3
1421	4.44349	-4.36499	380.348
1422	4.44478	-4.36127	379.575
1423	4.42735	-4.35611	377.989
1424	4.40144	-4.33507	375.936
1425	4.38027	-4.30691	374.438
1426	4.37208	-4.28502	373.443
1427	4.37742	-4.29225	373.7
1428	4.39157	-4.2975	374.597
1429	4.40886	-4.33858	376.21
1430	4.43288	-4.38025	377.573
1431	4.46302	-4.40628	378.471
1432	4.48311	-4.40268	378.643
1433	4.48581	-4.39756	377.901
1434	4.46922	-4.38667	376.687
1435	4.43684	-4.36713	375.074
1436	4.41005	-4.33722	373.768
1437	4.39676	-4.30952	373.181
1438	4.39721	-4.30891	373.204
1439	4.41383	-4.31915	373.978
1440	4.43332	-4.3598	375.178
1441	4.46494	-4.41242	376.279
1442	4.50079	-4.43629	376.843
1443	4.52603	-4.43746	376.869
1444	4.52574	-4.4349	376.364
1445	4.50686	-4.41856	375.378
1446	4.47316	-4.39608	374.161
1447	4.44098	-4.37462	373.294
1448	4.4213	-4.3341	372.852
1449	4.41836	-4.32717	373.002
1450	4.42948	-4.33334	373.387
1451	4.45663	-4.38298	374.205
1452	4.49597	-4.44442	374.766
1453	4.53489	-4.47264	375.086
1454	4.56568	-4.47342	375.062
1455	4.56734	-4.47266	374.637
1456	4.54337	-4.45381	374.165
1457	4.50537	-4.4262	373.477
1458	4.46767	-4.40219	372.92
1459	4.44384	-4.35776	372.837
1460	4.43677	-4.34155	372.744
1461	4.44791	-4.35253	373.038
1462	4.47526	-4.39659	373.285
1463	4.521	-4.46625	373.438
1464	4.56778	-4.50138	373.383
1465	4.60011	-4.50427	373.241
1466	4.60385	-4.503	373.124
1467	4.57796	-4.48079	372.953
1468	4.53328	-4.45043	372.833
1469	4.49158	-4.42736	372.732
1470	4.46308	-4.37543	372.719
1471	4.44943	-4.35231	372.741
1472	4.46163	-4.3696	372.731
1473	4.49275	-4.41306	372.445
1474	4.53991	-4.48759	372.063
1475	4.59299	-4.52503	371.71
1476	4.62925	-4.5337	371.481
1477	4.63169	-4.5288	371.519
1478	4.60554	-4.50782	371.753
1479	4.55685	-4.4715	372.18
1480	4.51065	-4.44414	372.538
1481	4.4775	-4.39565	372.791
1482	4.46177	-4.3637	372.764
1483	4.47127	-4.38314	372.463
1484	4.50436	-4.42266	371.671
1485	4.55772	-4.49811	370.723
1486	4.61556	-4.55061	369.937
1487	4.65095	-4.55197	369.739
1488	4.65646	-4.5458	369.948
1489	4.62582	-4.5286	370.391
1490	4.57523	-4.49075	371.529
1491	4.52583	-4.45679	372.328
1492	4.48783	-4.40992	372.821
1493	4.46895	-4.36927	372.844
1494	4.47917	-4.39486	372.277
1495	4.51298	-4.43334	371.051
1496	4.56946	-4.50575	369.463
1497	4.63026	-4.56703	368.21
1498	4.66747	-4.57539	367.841
1499	4.6748	-4.56265	368.263
1500	4.643	-4.54331	369.343
1501	4.58831	-4.50545	370.849
1502	4.53434	-4.46706	372.179
1503	4.49383	-4.41428	372.999
1504	4.47482	-4.38036	373.09
1505	4.4808	-4.39618	372.165
1506	4.5177	-4.44452	370.497
1507	4.57732	-4.50724	368.339
1508	4.63914	-4.57235	366.818
1509	4.67953	-4.58642	366.254
1510	4.6845	-4.57606	366.705
1511	4.65116	-4.5532	368.163
1512	4.59466	-4.50916	370.237
1513	4.53855	-4.46749	372.095
1514	4.49711	-4.42145	373.21
1515	4.47781	-4.3858	373.469
1516	4.48422	-4.39747	372.217
1517	4.52041	-4.44634	370.27
1518	4.58044	-4.50822	367.539
1519	4.64343	-4.57574	365.453
1520	4.68474	-4.59337	364.726
1521	4.6902	-4.58203	365.227
1522	4.65634	-4.55792	366.949
1523	4.59855	-4.51774	369.49
1524	4.54173	-4.47178	371.887
1525	4.50073	-4.41981	373.371
1526	4.47777	-4.38936	373.68
1527	4.48663	-4.40164	372.378
1528	4.52001	-4.45132	370.041
1529	4.58038	-4.50738	366.874
1530	4.6437	-4.57522	364.224
1531	4.68575	-4.60086	363.216
1532	4.69021	-4.5886	363.74
1533	4.65725	-4.55729	365.756
1534	4.59969	-4.51967	368.563
1535	4.54235	-4.47055	371.425
1536	4.49944	-4.42314	373.352
1537	4.47929	-4.39414	373.9
1538	4.48494	-4.39807	372.58
1539	4.5211	-4.45289	369.835
1540	4.58122	-4.51167	366.338
1541	4.64383	-4.56595	363.244
1542	4.68339	-4.6038	361.716
1543	4.68947	-4.59234	362.175
1544	4.65573	-4.56474	364.302
1545	4.59687	-4.52119	367.46
1546	4.54124	-4.468	370.837
1547	4.497	-4.42196	373.068
1548	4.47701	-4.3978	373.907
1549	4.48493	-4.40614	372.84
1550	4.52238	-4.45294	369.842
1551	4.58113	-4.51341	365.948
1552	4.64333	-4.5685	362.411
1553	4.68185	-4.61022	360.521
1554	4.68439	-4.59518	360.807
1555	4.65228	-4.56489	362.929
1556	4.59588	-4.52124	366.441
1557	4.5389	-4.4681	370.072
1558	4.49567	-4.41908	372.794
1559	4.47714	-4.3997	373.971
1560	4.48536	-4.40885	372.979
1561	4.52366	-4.45661	369.915
1562	4.58122	-4.51578	365.811
1563	4.64057	-4.56731	361.783
1564	4.67839	-4.59877	359.503
1565	4.68083	-4.59962	359.572
1566	4.64926	-4.56451	361.617
1567	4.59424	-4.52094	365.268
1568	4.53645	-4.46781	369.287
1569	4.49523	-4.41291	372.524
1570	4.47824	-4.40545	373.826
1571	4.48732	-4.41876	373.049
1572	4.52496	-4.45997	370.098
1573	4.58126	-4.51903	365.79
1574	4.64018	-4.5652	361.425
1575	4.67425	-4.59866	358.829
1576	4.67953	-4.6047	358.279
1577	4.64513	-4.56577	360.337
1578	4.5902	-4.52214	364.019
1579	4.53961	-4.4726	368.282
1580	4.4979	-4.41916	371.777
1581	4.48104	-4.41097	373.543
1582	4.49003	-4.42346	373.119
1583	4.52455	-4.46327	370.023
1584	4.58119	-4.51692	365.502
1585	4.63595	-4.56489	361.059
1586	4.66879	-4.5937	357.874
1587	4.67515	-4.60124	357.091
1588	4.64361	-4.56441	358.834
1589	4.59642	-4.52319	362.499
1590	4.5412	-4.47406	366.877
1591	4.49985	-4.42486	370.682
1592	4.48315	-4.41515	372.858
1593	4.49118	-4.42804	372.657
1594	4.52521	-4.46738	369.755
1595	4.57783	-4.51223	365.213
1596	4.6286	-4.55978	360.491
1597	4.66287	-4.59125	356.999
1598	4.66736	-4.59871	355.739
1599	4.64015	-4.57099	357.206
1600	4.59363	-4.52588	360.765
1601	4.54373	-4.47834	365.166
1602	4.50414	-4.42313	369.195
1603	4.48371	-4.41633	371.747
1604	4.49166	-4.43294	371.864
1605	4.52483	-4.46599	369.251
1606	4.57259	-4.50862	364.69
1607	4.62239	-4.55355	359.978
1608	4.65672	-4.58152	356.026
1609	4.66273	-4.59642	354.381
1610	4.63863	-4.57275	355.516
1611	4.59446	-4.53368	358.983
1612	4.5471	-4.48411	363.489
1613	4.50732	-4.43222	367.678
1614	4.48858	-4.4201	370.568
1615	4.49159	-4.43544	371.152
1616	4.52129	-4.46221	368.863
1617	4.56754	-4.50166	364.409
1618	4.61638	-4.54821	359.414
1619	4.64859	-4.57253	355.239
1620	4.66062	-4.59581	353.037
1621	4.63997	-4.57589	353.854
1622	4.59765	-4.53737	357.167
1623	4.5508	-4.48834	361.581
1624	4.51123	-4.43819	366.142
1625	4.488	-4.4222	369.446
1626	4.48878	-4.43823	370.274
1627	4.51578	-4.46072	368.37
1628	4.55998	-4.49318	364.085
1629	4.60778	-4.53846	359.031
1630	4.64133	-4.56676	354.497
1631	4.65536	-4.58892	351.786
1632	4.63879	-4.57708	352.199
1633	4.60164	-4.54184	355.309
1634	4.55832	-4.49167	359.874
1635	4.51573	-4.44464	364.438
1636	4.48962	-4.42228	368.141
1637	4.48752	-4.43416	369.399
1638	4.51099	-4.45882	367.869
1639	4.55189	-4.48645	363.678
1640	4.59621	-4.53044	358.584
1641	4.63205	-4.55951	353.771
1642	4.65053	-4.5817	350.646
1643	4.63628	-4.57937	350.532
1644	4.60548	-4.546	353.359
1645	4.56253	-4.49649	357.841
1646	4.5209	-4.45104	362.765
1647	4.49	-4.42435	366.874
1648	4.48379	-4.43296	368.639
1649	4.50312	-4.45868	367.406
1650	4.54169	-4.47725	363.535
1651	4.58537	-4.5242	358.328
1652	4.62263	-4.55259	353.216
1653	4.64397	-4.57607	349.52
1654	4.63772	-4.58224	348.993
1655	4.60935	-4.55314	351.516
1656	4.56688	-4.50229	355.93
1657	4.52115	-4.45596	361.148
1658	4.49019	-4.42388	365.646
1659	4.47731	-4.42497	368.03
1660	4.49208	-4.44577	367.291
1661	4.52713	-4.46597	363.648
1662	4.57116	-4.50978	358.324
1663	4.61025	-4.54286	352.919
1664	4.63737	-4.5658	348.697
1665	4.63857	-4.5838	347.6
1666	4.61025	-4.5536	349.805
1667	4.5693	-4.51073	354.253
1668	4.52227	-4.45974	359.634
1669	4.48595	-4.42242	364.658
1670	4.46983	-4.41914	367.602
1671	4.48051	-4.43534	367.242
1672	4.51373	-4.45156	364.047
1673	4.55767	-4.49619	358.631
1674	4.59891	-4.53217	352.874
1675	4.63074	-4.55745	348.162
1676	4.63463	-4.58046	346.464
1677	4.61291	-4.55498	348.354
1678	4.57098	-4.50707	352.827
1679	4.52424	-4.46018	358.509
1680	4.48308	-4.41939	363.951
1681	4.45951	-4.40651	367.442
1682	4.46708	-4.42221	367.648
1683	4.49683	-4.43591	364.635
1684	4.5407	-4.48326	359.328
1685	4.58529	-4.52153	353.227
1686	4.62254	-4.54846	347.961
1687	4.63108	-4.57492	345.805
1688	4.61467	-4.55236	347.246
1689	4.57302	-4.51324	351.596
1690	4.52129	-4.46167	357.532
1691	4.47339	-4.4103	363.466
1692	4.44805	-4.38978	367.466
1693	4.44893	-4.39993	368.183
1694	4.47832	-4.41965	365.475
1695	4.52406	-4.46574	360.148
1696	4.57403	-4.50918	353.817
1697	4.61165	-4.54034	348.087
1698	4.62748	-4.56852	345.322
1699	4.6124	-4.55076	346.443
1700	4.56921	-4.51123	350.542
1701	4.51644	-4.45914	356.767
1702	4.46319	-4.40497	363.246
1703	4.43112	-4.37853	367.804
1704	4.43233	-4.38334	369.082
1705	4.45907	-4.40092	366.669
1706	4.5063	-4.44877	361.427
1707	4.55511	-4.4971	354.837
1708	4.60133	-4.52651	348.653
1709	4.61968	-4.55621	345.379
1710	4.60761	-4.55022	345.921
1711	4.5683	-4.50865	350.035
1712	4.51065	-4.45579	356.441
1713	4.45248	-4.39495	363.216
1714	4.41585	-4.36238	368.309
1715	4.4131	-4.36414	370.075
1716	4.4387	-4.38138	368.138
1717	4.48688	-4.42635	363.017
1718	4.53971	-4.48228	356.182
1719	4.58919	-4.51834	349.668
1720	4.61212	-4.5501	345.831
1721	4.60424	-4.54444	345.813
1722	4.56258	-4.50511	349.647
1723	4.50367	-4.4489	356.207
1724	4.44035	-4.38709	363.486
1725	4.40093	-4.34748	369.078
1726	4.39269	-4.34623	371.449
1727	4.41906	-4.36271	369.874
1728	4.4681	-4.40911	364.917
1729	4.5238	-4.46691	358.001
1730	4.57583	-4.50243	351.038
1731	4.6043	-4.5403	346.592
1732	4.59795	-4.53942	346.213
1733	4.5569	-4.49799	349.734
1734	4.49362	-4.44058	356.311
1735	4.42789	-4.37635	363.966
1736	4.38151	-4.32757	370.146
1737	4.37132	-4.32545	372.919
1738	4.39682	-4.33918	371.811
1739	4.44713	-4.38331	367.077
1740	4.50593	-4.45511	360.037
1741	4.56165	-4.48912	352.812
1742	4.59452	-4.53019	347.896
1743	4.59029	-4.5306	347.033
1744	4.54654	-4.48644	350.231
1745	4.48198	-4.4286	356.896
1746	4.41154	-4.35894	364.821
1747	4.36456	-4.30958	371.335
1748	4.35256	-4.3058	374.694
1749	4.37592	-4.31983	374.068
1750	4.42753	-4.36605	369.553
1751	4.48906	-4.43706	362.588
1752	4.54707	-4.47654	355.031
1753	4.58156	-4.51721	349.726
1754	4.57888	-4.51643	348.336
1755	4.53493	-4.47258	351.157
1756	4.46862	-4.41843	357.606
1757	4.39848	-4.3479	365.84
1758	4.34719	-4.29045	372.762
1759	4.33214	-4.28417	376.508
1760	4.35369	-4.29998	376.357
1761	4.40661	-4.34471	372.165
1762	4.47125	-4.42077	365.169
1763	4.53011	-4.46469	357.66
1764	4.56795	-4.50524	351.936
1765	4.56713	-4.50684	350.088
1766	4.5237	-4.46305	352.517
1767	4.45234	-4.40123	358.89
1768	4.37948	-4.33097	367.016
1769	4.32741	-4.27103	374.301
1770	4.31307	-4.2633	378.549
1771	4.33235	-4.28214	378.853
1772	4.38548	-4.32227	375.026
1773	4.44995	-4.39771	368.373
1774	4.51145	-4.44693	360.697
1775	4.55158	-4.49001	354.57
1776	4.54954	-4.49088	352.348
1777	4.50592	-4.44503	354.409
1778	4.43652	-4.38807	360.379
1779	4.36218	-4.31464	368.495
1780	4.30875	-4.25313	376.061
1781	4.29116	-4.23938	380.681
1782	4.3111	-4.26124	381.331
1783	4.36405	-4.29932	377.911
1784	4.432	-4.37929	371.514
1785	4.49181	-4.42965	363.9
1786	4.53302	-4.47042	357.633
1787	4.5318	-4.47506	354.959
1788	4.48905	-4.42836	356.601
1789	4.41885	-4.36345	362.193
1790	4.34526	-4.29495	370.133
1791	4.28816	-4.23417	377.912
1792	4.27061	-4.21427	382.804
1793	4.29	-4.23586	383.935
1794	4.34069	-4.2824	380.934
1795	4.40883	-4.35251	374.645
1796	4.47125	-4.41023	367.341
1797	4.51208	-4.44671	361.001
1798	4.51112	-4.45536	357.895
1799	4.46923	-4.40823	359.094
1800	4.399	-4.34638	364.402
1801	4.32608	-4.27596	372.132
1802	4.26748	-4.21583	379.798
1803	4.2493	-4.19454	385.102
1804	4.26801	-4.21858	386.517
1805	4.31729	-4.25772	383.907
1806	4.38361	-4.32641	378.008
1807	4.44818	-4.38791	371.007
1808	4.48712	-4.42361	364.471
1809	4.49028	-4.43254	361.196
1810	4.44879	-4.38445	361.982
1811	4.37864	-4.32333	366.792
1812	4.30484	-4.25282	374.2
1813	4.2498	-4.19858	381.844
1814	4.22972	-4.17531	387.282
1815	4.24769	-4.18983	389.128
1816	4.29563	-4.24262	386.911
1817	4.36214	-4.30511	381.424
1818	4.42507	-4.36909	374.671
1819	4.46609	-4.40387	368.346
1820	4.46826	-4.41496	364.717
1821	4.42844	-4.36722	365.19
1822	4.36173	-4.30358	369.461
1823	4.28785	-4.23567	376.494
1824	4.23249	-4.17938	383.901
1825	4.21187	-4.15624	389.53
1826	4.22638	-4.17058	391.714
1827	4.27564	-4.22178	390.004
1828	4.33997	-4.28291	384.969
1829	4.4042	-4.34967	378.39
1830	4.44548	-4.38369	372.17
1831	4.44885	-4.39266	368.377
1832	4.40943	-4.34793	368.574
1833	4.34394	-4.28417	372.49
1834	4.27086	-4.21591	379.085
1835	4.21583	-4.16557	386.217
1836	4.19389	-4.13972	391.895
1837	4.20779	-4.15051	394.414
1838	4.25335	-4.19959	392.974
1839	4.31763	-4.26129	388.414
1840	4.38055	-4.32654	382.155
1841	4.42319	-4.35958	376.165
1842	4.42814	-4.37126	372.266
1843	4.39137	-4.33207	372.092
1844	4.32587	-4.26519	375.493
1845	4.25628	-4.20141	381.713
1846	4.20102	-4.14914	388.588
1847	4.17756	-4.12484	394.195
1848	4.19044	-4.13207	396.985
1849	4.23546	-4.18133	395.922
1850	4.29739	-4.24294	391.75
1851	4.35966	-4.30276	385.849
1852	4.40218	-4.33966	380.039
1853	4.41107	-4.35182	376.041
1854	4.37484	-4.31391	375.501
1855	4.31144	-4.25099	378.713
1856	4.24177	-4.18346	384.41
1857	4.18592	-4.1351	390.963
1858	4.16284	-4.11188	396.464
1859	4.17387	-4.11387	399.397
1860	4.21512	-4.16341	398.785
1861	4.27734	-4.22524	394.938
1862	4.33703	-4.28829	389.398
1863	4.38232	-4.32122	383.83
1864	4.39219	-4.33417	379.861
1865	4.35992	-4.29876	379.017
1866	4.29711	-4.23529	381.877
1867	4.22896	-4.17175	387.075
1868	4.17402	-4.11886	393.352
1869	4.1467	-4.09329	398.74
1870	4.15603	-4.09741	401.821
1871	4.1961	-4.14183	401.569
1872	4.25711	-4.20035	398.039
1873	4.3194	-4.27101	392.822
1874	4.36369	-4.30422	387.517
1875	4.37555	-4.31268	383.634
1876	4.34758	-4.28399	382.629
1877	4.28497	-4.22379	385.06
1878	4.21716	-4.15879	390.002
1879	4.16106	-4.10771	395.82
1880	4.13414	-4.08155	400.951
1881	4.14114	-4.08234	404.112
1882	4.1786	-4.12361	404.208
1883	4.23638	-4.18895	401.07
1884	4.30127	-4.25452	396.169
1885	4.34756	-4.28983	391.034
1886	4.36044	-4.2996	387.325
1887	4.333	-4.26751	386.169
1888	4.27464	-4.21296	388.275
1889	4.20823	-4.14793	392.88
1890	4.15155	-4.09962	398.392
1891	4.12021	-4.0701	403.214
1892	4.12472	-4.06305	406.391
1893	4.1628	-4.11047	406.73
1894	4.21888	-4.16796	403.944
1895	4.28191	-4.23484	399.197
1896	4.32832	-4.2721	394.398
1897	4.34457	-4.28296	390.827
1898	4.32141	-4.2569	389.541
1899	4.26471	-4.20021	391.372
1900	4.19909	-4.14119	395.656
1901	4.14151	-4.09018	400.862
1902	4.10926	-4.05398	405.399
1903	4.11133	-4.05379	408.526
1904	4.14455	-4.09194	409.103
1905	4.20173	-4.1499	406.496
1906	4.26382	-4.2169	402.115
1907	4.31256	-4.25735	397.599
1908	4.33091	-4.26525	394.097
1909	4.31006	-4.24175	392.798
1910	4.25512	-4.18586	394.432
1911	4.19029	-4.13049	398.331
1912	4.13288	-4.08111	403.33
1913	4.09887	-4.04442	407.668
1914	4.0976	-4.03608	410.709
1915	4.13035	-4.07609	411.305
1916	4.18412	-4.13393	409.154
1917	4.2454	-4.19803	404.941
1918	4.29468	-4.24371	400.663
1919	4.31567	-4.24865	397.263
1920	4.29915	-4.23192	396.036
1921	4.24788	-4.17783	397.399
1922	4.18248	-4.12613	401.06
1923	4.12412	-4.07074	405.772
1924	4.08753	-4.02927	409.897
1925	4.0851	-4.02458	412.776
1926	4.11497	-4.06299	413.434
1927	4.16817	-4.11478	411.412
1928	4.22896	-4.18084	407.524
1929	4.27989	-4.22706	403.438
1930	4.29996	-4.23008	400.36
1931	4.28737	-4.21455	399.083
1932	4.24	-4.17254	400.345
1933	4.17503	-4.11585	403.768
1934	4.11651	-4.06508	408.252
1935	4.07993	-4.02504	412.169
1936	4.07556	-4.01291	414.806
1937	4.10197	-4.04818	415.482
1938	4.15295	-4.10714	413.722
1939	4.2124	-4.1669	410.186
1940	4.26428	-4.21471	406.182
1941	4.28644	-4.2156	403.271
1942	4.27601	-4.20274	402.044
1943	4.23214	-4.16305	403.287
1944	4.17013	-4.10899	406.378
1945	4.11287	-4.06393	410.638
1946	4.07326	-4.01874	414.336
1947	4.06695	-4.00364	416.822
1948	4.09042	-4.03497	417.471
1949	4.14003	-4.08953	415.829
1950	4.19718	-4.15217	412.55
1951	4.24936	-4.20104	408.812
1952	4.27302	-4.20344	405.929
1953	4.2639	-4.18772	404.897
1954	4.2265	-4.15657	406.032
1955	4.1662	-4.10615	409.004
1956	4.10882	-4.05817	412.889
1957	4.06872	-4.01029	416.51
1958	4.05942	-3.99419	418.944
1959	4.08247	-4.02606	419.455
1960	4.12879	-4.07511	417.94
1961	4.18498	-4.13885	414.688
1962	4.23391	-4.1865	411.235
1963	4.25869	-4.19322	408.613
1964	4.2536	-4.17332	407.536
1965	4.21845	-4.14875	408.612
1966	4.16433	-4.10203	411.536
1967	4.1054	-4.05578	415.176
1968	4.06438	-4.00901	418.661
1969	4.05345	-3.98982	420.859
1970	4.07373	-4.01483	421.46
1971	4.11645	-4.06628	419.94
1972	4.1701	-4.12281	416.994
1973	4.21815	-4.17447	413.734
1974	4.24533	-4.17942	411.088
1975	4.2435	-4.16133	410.128
1976	4.21312	-4.13863	411.19
1977	4.16223	-4.09981	413.849
1978	4.10582	-4.0537	417.434
1979	4.06434	-4.01455	420.711
1980	4.0488	-3.98887	422.776
1981	4.0653	-4.008	423.265
1982	4.10507	-4.05117	421.987
1983	4.15546	-4.11214	419.099
1984	4.2042	-4.16003	416.047
1985	4.23174	-4.16698	413.551
1986	4.23373	-4.14934	412.434
1987	4.20732	-4.12898	413.445
1988	4.16111	-4.09664	416.219
1989	4.10685	-4.05426	419.61
1990	4.06507	-4.01312	422.622
1991	4.04672	-3.98221	424.657
1992	4.05864	-3.99704	425.132
1993	4.09489	-4.04461	423.935
1994	4.1427	-4.09997	421.078
1995	4.18997	-4.14943	418.133
1996	4.21843	-4.15961	415.865
1997	4.22323	-4.13666	414.899
1998	4.20164	-4.1197	415.658
1999	4.16087	-4.09509	418.159
2000	4.10892	-4.05764	421.661
